,Power Forwards & Futures (Data)
0,Source: OTC Global Holdings
1,Region: ERCOT
2,Forward Term: Monthly
3,Peak: Off Peak
4,As Of: 01/20/2011
5,"NYMEX and CME Clearport market data provided by DTN.
"
6,No data matches your settings. Please edit your settings to display content.
